1.000000 0.034842
1.977273 0.035169
2.954545 0.034709
3.931818 0.034678
4.909091 0.035261
5.886364 0.035845
6.863636 0.034473
7.840909 0.036592
8.818182 0.036213
9.795455 0.035220
10.772727 0.035098
11.750000 0.035701
12.727273 0.034586
13.704545 0.035978
14.681818 0.034535
15.659091 0.035497
16.636364 0.034238
17.613636 0.023617
18.590909 0.023402
19.568182 0.023074
20.545455 0.023862
21.522727 0.024497
22.500000 0.023821
23.477273 0.023453
24.454545 0.023637
25.431818 0.024087
26.409091 0.011716
27.386364 0.011297
28.363636 0.012105
29.340909 0.012136
30.318182 0.010744
31.295455 0.011808
32.272727 0.011849
33.250000 0.011563
34.227273 0.011921
35.204545 0.011409
36.181818 0.011686
37.159091 0.011338
38.136364 0.011798
39.113636 0.012105
40.090909 0.011849
41.068182 0.011737
42.045455 0.012586
43.022727 0.011522
